disp,chain,iter,value
1,1,1,0
1,1,2,0
1,1,3,0
1,1,4,0
1,1,5,0
1,1,6,0
1,1,7,0
1,1,8,0
1,1,9,0
1,1,10,0
1,1,11,0
1,1,12,0
1,1,13,-0.666666666666667
1,1,14,-1.33333333333333
1,1,15,-0.666666666666667
1,1,16,-0.666666666666667
1,1,17,-0.666666666666667
1,1,18,-1.33333333333333
1,2,1,0
1,2,2,0
1,2,3,0
1,2,4,0
1,2,5,0
1,2,6,0
1,2,7,-0.666666666666667
1,2,8,-1.33333333333333
1,2,9,-2
1,2,10,-1.33333333333333
1,2,11,-0.666666666666667
1,2,12,0
1,2,13,0
1,2,14,0
1,2,15,0
1,2,16,0
1,2,17,0
1,2,18,0
1,3,1,0
1,3,2,0
1,3,3,0
1,3,4,0
1,3,5,0
1,3,6,0
1,3,7,0
1,3,8,0
1,3,9,0.666666666666667
1,3,10,0.666666666666667
1,3,11,0.666666666666667
1,3,12,0
1,3,13,0
1,3,14,-0.666666666666667
1,3,15,0
1,3,16,0.666666666666667
1,3,17,2
1,3,18,2
1,4,1,0
1,4,2,0
1,4,3,0
1,4,4,0
1,4,5,0
1,4,6,0
1,4,7,0
1,4,8,0
1,4,9,0
1,4,10,0
1,4,11,0
1,4,12,0
1,4,13,0
1,4,14,0
1,4,15,0
1,4,16,0
1,4,17,0
1,4,18,0
1,5,1,0
1,5,2,0
1,5,3,0
1,5,4,0
1,5,5,0
1,5,6,0
1,5,7,0
1,5,8,0
1,5,9,0
1,5,10,0
1,5,11,0
1,5,12,0
1,5,13,0
1,5,14,0
1,5,15,0
1,5,16,0
1,5,17,0
1,5,18,-0.666666666666667
1,6,1,0
1,6,2,0
1,6,3,0
1,6,4,0
1,6,5,0
1,6,6,0
1,6,7,0
1,6,8,0
1,6,9,0
1,6,10,0
1,6,11,0
1,6,12,-0.666666666666667
1,6,13,-0.666666666666667
1,6,14,-1.33333333333333
1,6,15,-0.666666666666667
1,6,16,-0.666666666666667
1,6,17,0
1,6,18,0
1,7,1,0
1,7,2,0
1,7,3,0
1,7,4,0
1,7,5,0
1,7,6,0
1,7,7,0
1,7,8,0
1,7,9,0
1,7,10,0
1,7,11,0
1,7,12,0
1,7,13,0
1,7,14,0
1,7,15,0
1,7,16,0
1,7,17,0.666666666666667
1,7,18,1.33333333333333
1,8,1,0
1,8,2,0
1,8,3,0
1,8,4,0
1,8,5,-0.666666666666667
1,8,6,-0.666666666666667
1,8,7,-0.666666666666667
1,8,8,0
1,8,9,0
1,8,10,0
1,8,11,0
1,8,12,0
1,8,13,0
1,8,14,0
1,8,15,-0.666666666666667
1,8,16,-0.666666666666667
1,8,17,-0.666666666666667
1,8,18,0
1,9,1,-0.666666666666667
1,9,2,-0.666666666666667
1,9,3,-0.666666666666667
1,9,4,0
1,9,5,0
1,9,6,0
1,9,7,-0.666666666666667
1,9,8,-1.33333333333333
1,9,9,-0.666666666666667
1,9,10,0.666666666666667
1,9,11,0.666666666666667
1,9,12,0.666666666666667
1,9,13,0.666666666666667
1,9,14,2
1,9,15,2
1,9,16,2
1,9,17,2
1,9,18,2
1,10,1,0
1,10,2,0
1,10,3,0
1,10,4,0
1,10,5,0
1,10,6,0
1,10,7,0
1,10,8,0
1,10,9,0
1,10,10,0
1,10,11,0
1,10,12,0
1,10,13,0
1,10,14,0
1,10,15,0
1,10,16,0
1,10,17,0
1,10,18,0
2,1,1,0
2,1,2,0
2,1,3,0
2,1,4,0.666666666666667
2,1,5,0
2,1,6,0.666666666666667
2,1,7,2
2,1,8,4.66666666666667
2,1,9,6
2,1,10,6
2,1,11,6
2,1,12,6
2,1,13,6
2,1,14,6
2,1,15,6
2,1,16,6
2,1,17,6
2,1,18,6
2,2,1,0
2,2,2,0
2,2,3,0
2,2,4,0
2,2,5,0
2,2,6,0
2,2,7,0
2,2,8,-0.666666666666667
2,2,9,-1.33333333333333
2,2,10,-2
2,2,11,-2
2,2,12,-2
2,2,13,-0.666666666666667
2,2,14,-0.666666666666667
2,2,15,0.666666666666667
2,2,16,2
2,2,17,4.66666666666667
2,2,18,4.66666666666667
2,3,1,0
2,3,2,0
2,3,3,0
2,3,4,0
2,3,5,0
2,3,6,0
2,3,7,0
2,3,8,0
2,3,9,-0.666666666666667
2,3,10,0
2,3,11,0.666666666666667
2,3,12,2
2,3,13,2
2,3,14,2
2,3,15,2
2,3,16,2
2,3,17,2
2,3,18,2
2,4,1,0
2,4,2,0
2,4,3,0
2,4,4,0
2,4,5,0
2,4,6,0
2,4,7,-0.666666666666667
2,4,8,-1.33333333333333
2,4,9,-0.666666666666667
2,4,10,0
2,4,11,0
2,4,12,-0.666666666666667
2,4,13,-0.666666666666667
2,4,14,0
2,4,15,0
2,4,16,0
2,4,17,0
2,4,18,0
2,5,1,0
2,5,2,-0.666666666666667
2,5,3,-0.666666666666667
2,5,4,-0.666666666666667
2,5,5,0
2,5,6,0
2,5,7,0
2,5,8,0
2,5,9,0
2,5,10,0
2,5,11,0
2,5,12,-0.666666666666667
2,5,13,-1.33333333333333
2,5,14,-1.33333333333333
2,5,15,-0.666666666666667
2,5,16,0
2,5,17,0
2,5,18,0.666666666666667
2,6,1,0
2,6,2,0
2,6,3,0
2,6,4,0
2,6,5,0
2,6,6,0
2,6,7,-0.666666666666667
2,6,8,-1.33333333333333
2,6,9,-0.666666666666667
2,6,10,0.666666666666667
2,6,11,2
2,6,12,2
2,6,13,2
2,6,14,2
2,6,15,2
2,6,16,2
2,6,17,2
2,6,18,0.666666666666667
2,7,1,0
2,7,2,0
2,7,3,0
2,7,4,0
2,7,5,0
2,7,6,0
2,7,7,0
2,7,8,0
2,7,9,0
2,7,10,0
2,7,11,0
2,7,12,0
2,7,13,0
2,7,14,0
2,7,15,0
2,7,16,0
2,7,17,0
2,7,18,0
2,8,1,0
2,8,2,0
2,8,3,0
2,8,4,0
2,8,5,0
2,8,6,0
2,8,7,0
2,8,8,0
2,8,9,0
2,8,10,0
2,8,11,0
2,8,12,0
2,8,13,0
2,8,14,-0.666666666666667
2,8,15,-0.666666666666667
2,8,16,-0.666666666666667
2,8,17,0
2,8,18,0
2,9,1,0
2,9,2,0
2,9,3,0
2,9,4,0
2,9,5,-0.666666666666667
2,9,6,-0.666666666666667
2,9,7,-0.666666666666667
2,9,8,0
2,9,9,-0.666666666666667
2,9,10,-1.33333333333333
2,9,11,-1.33333333333333
2,9,12,-0.666666666666667
2,9,13,0
2,9,14,0
2,9,15,0
2,9,16,-0.666666666666667
2,9,17,0
2,9,18,0.666666666666667
2,10,1,0
2,10,2,0
2,10,3,0
2,10,4,0
2,10,5,-0.666666666666667
2,10,6,-1.33333333333333
2,10,7,-1.33333333333333
2,10,8,-1.33333333333333
2,10,9,-2.66666666666667
2,10,10,-2.66666666666667
2,10,11,-2
2,10,12,0
2,10,13,0.666666666666667
2,10,14,1.33333333333333
2,10,15,0.666666666666667
2,10,16,-0.666666666666667
2,10,17,-2
2,10,18,-1.33333333333333
3,1,1,0
3,1,2,0
3,1,3,0
3,1,4,0
3,1,5,-0.666666666666667
3,1,6,0
3,1,7,0
3,1,8,1.33333333333333
3,1,9,0.666666666666667
3,1,10,0.666666666666667
3,1,11,-0.666666666666667
3,1,12,-0.666666666666667
3,1,13,-0.666666666666667
3,1,14,0
3,1,15,-0.666666666666667
3,1,16,-1.33333333333333
3,1,17,-2
3,1,18,-1.33333333333333
3,2,1,0
3,2,2,0
3,2,3,0
3,2,4,0
3,2,5,0
3,2,6,0
3,2,7,0
3,2,8,0
3,2,9,0
3,2,10,0
3,2,11,0
3,2,12,0
3,2,13,0
3,2,14,0
3,2,15,0
3,2,16,0
3,2,17,0
3,2,18,0
3,3,1,0
3,3,2,0
3,3,3,0
3,3,4,0
3,3,5,0
3,3,6,0
3,3,7,0
3,3,8,0
3,3,9,0
3,3,10,0
3,3,11,-0.666666666666667
3,3,12,0
3,3,13,0.666666666666667
3,3,14,2
3,3,15,2
3,3,16,1.33333333333333
3,3,17,0.666666666666667
3,3,18,0
3,4,1,0
3,4,2,0
3,4,3,0
3,4,4,0
3,4,5,0.666666666666667
3,4,6,0
3,4,7,0
3,4,8,-0.666666666666667
3,4,9,0
3,4,10,0
3,4,11,0
3,4,12,0
3,4,13,0
3,4,14,0
3,4,15,0
3,4,16,0
3,4,17,-0.666666666666667
3,4,18,-1.33333333333333
3,5,1,0
3,5,2,0
3,5,3,0
3,5,4,0
3,5,5,0
3,5,6,0
3,5,7,0
3,5,8,0
3,5,9,0
3,5,10,0
3,5,11,0
3,5,12,0
3,5,13,0
3,5,14,0
3,5,15,-0.666666666666667
3,5,16,-0.666666666666667
3,5,17,-0.666666666666667
3,5,18,0
3,6,1,0
3,6,2,0
3,6,3,0
3,6,4,0
3,6,5,0
3,6,6,0
3,6,7,0
3,6,8,0
3,6,9,0
3,6,10,0
3,6,11,0
3,6,12,0
3,6,13,0
3,6,14,0
3,6,15,0
3,6,16,0
3,6,17,0
3,6,18,0
3,7,1,0
3,7,2,0
3,7,3,0
3,7,4,0
3,7,5,0
3,7,6,0
3,7,7,-0.666666666666667
3,7,8,0
3,7,9,0
3,7,10,0.666666666666667
3,7,11,0
3,7,12,0
3,7,13,0
3,7,14,0
3,7,15,0
3,7,16,0
3,7,17,0
3,7,18,0
3,8,1,0
3,8,2,0
3,8,3,0
3,8,4,0
3,8,5,0
3,8,6,0
3,8,7,0
3,8,8,0
3,8,9,0
3,8,10,0
3,8,11,0
3,8,12,0
3,8,13,0
3,8,14,0
3,8,15,0
3,8,16,0
3,8,17,0
3,8,18,0
3,9,1,0
3,9,2,0
3,9,3,0
3,9,4,0
3,9,5,-0.666666666666667
3,9,6,-0.666666666666667
3,9,7,-1.33333333333333
3,9,8,-1.33333333333333
3,9,9,-2
3,9,10,-0.666666666666667
3,9,11,0.666666666666667
3,9,12,1.33333333333333
3,9,13,0.666666666666667
3,9,14,0
3,9,15,0
3,9,16,-0.666666666666667
3,9,17,0
3,9,18,0.666666666666667
3,10,1,0
3,10,2,0
3,10,3,0
3,10,4,0.666666666666667
3,10,5,0.666666666666667
3,10,6,0.666666666666667
3,10,7,0
3,10,8,0
3,10,9,0
3,10,10,0
3,10,11,-0.666666666666667
3,10,12,-0.666666666666667
3,10,13,-0.666666666666667
3,10,14,0
3,10,15,0
3,10,16,0
3,10,17,0
3,10,18,0
4,1,1,0
4,1,2,0
4,1,3,0
4,1,4,0
4,1,5,0
4,1,6,0
4,1,7,0
4,1,8,0
4,1,9,0
4,1,10,0
4,1,11,0
4,1,12,-0.666666666666667
4,1,13,0
4,1,14,2
4,1,15,4.66666666666667
4,1,16,4.66666666666667
4,1,17,3.33333333333333
4,1,18,2
4,2,1,0
4,2,2,0
4,2,3,0
4,2,4,0
4,2,5,0
4,2,6,0
4,2,7,0
4,2,8,0
4,2,9,0
4,2,10,0
4,2,11,0
4,2,12,0
4,2,13,0
4,2,14,0
4,2,15,0
4,2,16,-0.666666666666667
4,2,17,-1.33333333333333
4,2,18,-0.666666666666667
4,3,1,-0.666666666666667
4,3,2,0
4,3,3,0
4,3,4,0
4,3,5,0
4,3,6,0
4,3,7,0
4,3,8,-0.666666666666667
4,3,9,-0.666666666666667
4,3,10,-0.666666666666667
4,3,11,0
4,3,12,0
4,3,13,0
4,3,14,0
4,3,15,0
4,3,16,0
4,3,17,0
4,3,18,0
4,4,1,0
4,4,2,0.666666666666667
4,4,3,0
4,4,4,0
4,4,5,0
4,4,6,0
4,4,7,0
4,4,8,0
4,4,9,0
4,4,10,0
4,4,11,0
4,4,12,0
4,4,13,0
4,4,14,0
4,4,15,-0.666666666666667
4,4,16,-0.666666666666667
4,4,17,-0.666666666666667
4,4,18,0
4,5,1,0
4,5,2,0
4,5,3,0
4,5,4,0
4,5,5,0
4,5,6,0
4,5,7,0
4,5,8,0
4,5,9,0
4,5,10,0
4,5,11,0
4,5,12,0
4,5,13,0
4,5,14,0
4,5,15,-0.666666666666667
4,5,16,-0.666666666666667
4,5,17,-0.666666666666667
4,5,18,0
4,6,1,-0.666666666666667
4,6,2,-0.666666666666667
4,6,3,-0.666666666666667
4,6,4,-0.666666666666667
4,6,5,0
4,6,6,0
4,6,7,0
4,6,8,0
4,6,9,0
4,6,10,0
4,6,11,0
4,6,12,0
4,6,13,0
4,6,14,0
4,6,15,0
4,6,16,0
4,6,17,0
4,6,18,0
4,7,1,0
4,7,2,0
4,7,3,0
4,7,4,0
4,7,5,0
4,7,6,0
4,7,7,0
4,7,8,0
4,7,9,0
4,7,10,0
4,7,11,0
4,7,12,0
4,7,13,0
4,7,14,0
4,7,15,0
4,7,16,0
4,7,17,0
4,7,18,0
4,8,1,0
4,8,2,0
4,8,3,0
4,8,4,0
4,8,5,0
4,8,6,0
4,8,7,0
4,8,8,0
4,8,9,0
4,8,10,0
4,8,11,0
4,8,12,0
4,8,13,0
4,8,14,0
4,8,15,0
4,8,16,0
4,8,17,0
4,8,18,0
4,9,1,0
4,9,2,0
4,9,3,0
4,9,4,0
4,9,5,0
4,9,6,0
4,9,7,0
4,9,8,0
4,9,9,0.666666666666667
4,9,10,0.666666666666667
4,9,11,0.666666666666667
4,9,12,-0.666666666666667
4,9,13,-0.666666666666667
4,9,14,0
4,9,15,0
4,9,16,0
4,9,17,-0.666666666666667
4,9,18,0
4,10,1,1.33333333333333
4,10,2,2
4,10,3,1.33333333333333
4,10,4,0.666666666666667
4,10,5,0
4,10,6,0
4,10,7,0
4,10,8,0
4,10,9,0
4,10,10,-0.666666666666667
4,10,11,-1.33333333333333
4,10,12,-2
4,10,13,-1.33333333333333
4,10,14,-0.666666666666667
4,10,15,0
4,10,16,0
4,10,17,0
4,10,18,0
5,1,1,0
5,1,2,0
5,1,3,0
5,1,4,0
5,1,5,0
5,1,6,0
5,1,7,0
5,1,8,0
5,1,9,-0.666666666666667
5,1,10,-0.666666666666667
5,1,11,-1.33333333333333
5,1,12,-0.666666666666667
5,1,13,-0.666666666666667
5,1,14,0
5,1,15,0
5,1,16,0
5,1,17,0
5,1,18,0
5,2,1,0
5,2,2,-0.666666666666667
5,2,3,-0.666666666666667
5,2,4,-0.666666666666667
5,2,5,0
5,2,6,-0.666666666666667
5,2,7,-1.33333333333333
5,2,8,-1.33333333333333
5,2,9,-0.666666666666667
5,2,10,0
5,2,11,0
5,2,12,0
5,2,13,0
5,2,14,-0.666666666666667
5,2,15,-0.666666666666667
5,2,16,-0.666666666666667
5,2,17,-0.666666666666667
5,2,18,-0.666666666666667
5,3,1,0
5,3,2,0
5,3,3,0
5,3,4,0
5,3,5,0
5,3,6,0
5,3,7,0
5,3,8,-0.666666666666667
5,3,9,-0.666666666666667
5,3,10,-0.666666666666667
5,3,11,0
5,3,12,0
5,3,13,0
5,3,14,0
5,3,15,0
5,3,16,0
5,3,17,0
5,3,18,0
5,4,1,0
5,4,2,-0.666666666666667
5,4,3,-0.666666666666667
5,4,4,-0.666666666666667
5,4,5,0
5,4,6,0
5,4,7,0
5,4,8,0
5,4,9,0
5,4,10,0
5,4,11,-0.666666666666667
5,4,12,0
5,4,13,0
5,4,14,0.666666666666667
5,4,15,0
5,4,16,0
5,4,17,0
5,4,18,0
5,5,1,0
5,5,2,0
5,5,3,0
5,5,4,0.666666666666667
5,5,5,0.666666666666667
5,5,6,1.33333333333333
5,5,7,0
5,5,8,0.666666666666667
5,5,9,0
5,5,10,0
5,5,11,-1.33333333333333
5,5,12,-1.33333333333333
5,5,13,-1.33333333333333
5,5,14,-1.33333333333333
5,5,15,-2
5,5,16,-2
5,5,17,-1.33333333333333
5,5,18,-0.666666666666667
5,6,1,0
5,6,2,0
5,6,3,0
5,6,4,0
5,6,5,0
5,6,6,0
5,6,7,0
5,6,8,0
5,6,9,0
5,6,10,0
5,6,11,0
5,6,12,0
5,6,13,0
5,6,14,0
5,6,15,0
5,6,16,0
5,6,17,-0.666666666666667
5,6,18,-2.66666666666667
5,7,1,0
5,7,2,0
5,7,3,-0.666666666666667
5,7,4,-0.666666666666667
5,7,5,-0.666666666666667
5,7,6,0
5,7,7,0
5,7,8,0
5,7,9,0
5,7,10,0
5,7,11,0
5,7,12,0
5,7,13,0
5,7,14,0
5,7,15,0
5,7,16,0
5,7,17,0.666666666666667
5,7,18,0.666666666666667
5,8,1,0
5,8,2,0
5,8,3,0
5,8,4,0
5,8,5,0
5,8,6,0
5,8,7,0
5,8,8,0
5,8,9,0
5,8,10,0
5,8,11,0
5,8,12,0
5,8,13,0
5,8,14,0
5,8,15,0
5,8,16,0
5,8,17,0
5,8,18,0
5,9,1,0
5,9,2,0
5,9,3,0
5,9,4,0
5,9,5,0
5,9,6,0
5,9,7,0
5,9,8,-0.666666666666667
5,9,9,-0.666666666666667
5,9,10,-0.666666666666667
5,9,11,0
5,9,12,0
5,9,13,0
5,9,14,0
5,9,15,0
5,9,16,0
5,9,17,0
5,9,18,0
5,10,1,0
5,10,2,0
5,10,3,0
5,10,4,0
5,10,5,0
5,10,6,-0.666666666666667
5,10,7,-0.666666666666667
5,10,8,-0.666666666666667
5,10,9,-0.666666666666667
5,10,10,-1.33333333333333
5,10,11,-1.33333333333333
5,10,12,-0.666666666666667
5,10,13,0
5,10,14,-0.666666666666667
5,10,15,0
5,10,16,0.666666666666667
5,10,17,2
5,10,18,2
6,1,1,0
6,1,2,0
6,1,3,0
6,1,4,0
6,1,5,0
6,1,6,0
6,1,7,0
6,1,8,0
6,1,9,0.666666666666667
6,1,10,1.33333333333333
6,1,11,2
6,1,12,1.33333333333333
6,1,13,0.666666666666667
6,1,14,0
6,1,15,0
6,1,16,0
6,1,17,0
6,1,18,0
6,2,1,0
6,2,2,0
6,2,3,0
6,2,4,0
6,2,5,0
6,2,6,0
6,2,7,0
6,2,8,0
6,2,9,0
6,2,10,0
6,2,11,0
6,2,12,0
6,2,13,0
6,2,14,0
6,2,15,0
6,2,16,0
6,2,17,0
6,2,18,0
6,3,1,0
6,3,2,0
6,3,3,0
6,3,4,0
6,3,5,0
6,3,6,0
6,3,7,0
6,3,8,0
6,3,9,0
6,3,10,0
6,3,11,0
6,3,12,0
6,3,13,0
6,3,14,0
6,3,15,0
6,3,16,0
6,3,17,0
6,3,18,0
6,4,1,0
6,4,2,0
6,4,3,0
6,4,4,0
6,4,5,0
6,4,6,0
6,4,7,-0.666666666666667
6,4,8,-0.666666666666667
6,4,9,-1.33333333333333
6,4,10,-1.33333333333333
6,4,11,-2
6,4,12,-0.666666666666667
6,4,13,0
6,4,14,0.666666666666667
6,4,15,0
6,4,16,0
6,4,17,0
6,4,18,0
6,5,1,0
6,5,2,0
6,5,3,0
6,5,4,0
6,5,5,0.666666666666667
6,5,6,0.666666666666667
6,5,7,0.666666666666667
6,5,8,0
6,5,9,0
6,5,10,0
6,5,11,0
6,5,12,0
6,5,13,0
6,5,14,0
6,5,15,0
6,5,16,0
6,5,17,0
6,5,18,0
6,6,1,0
6,6,2,0
6,6,3,0
6,6,4,0
6,6,5,0
6,6,6,0
6,6,7,-0.666666666666667
6,6,8,-0.666666666666667
6,6,9,-0.666666666666667
6,6,10,0
6,6,11,0
6,6,12,0
6,6,13,0
6,6,14,0
6,6,15,0
6,6,16,0
6,6,17,-0.666666666666667
6,6,18,-0.666666666666667
6,7,1,0
6,7,2,0
6,7,3,0
6,7,4,0.666666666666667
6,7,5,0
6,7,6,-0.666666666666667
6,7,7,-1.33333333333333
6,7,8,-0.666666666666667
6,7,9,-0.666666666666667
6,7,10,-0.666666666666667
6,7,11,-0.666666666666667
6,7,12,0
6,7,13,0
6,7,14,-0.666666666666667
6,7,15,-0.666666666666667
6,7,16,-0.666666666666667
6,7,17,0
6,7,18,0
6,8,1,0
6,8,2,0
6,8,3,0
6,8,4,0
6,8,5,0
6,8,6,-0.666666666666667
6,8,7,-0.666666666666667
6,8,8,-0.666666666666667
6,8,9,-0.666666666666667
6,8,10,-0.666666666666667
6,8,11,-0.666666666666667
6,8,12,0
6,8,13,0
6,8,14,-0.666666666666667
6,8,15,-0.666666666666667
6,8,16,-0.666666666666667
6,8,17,0
6,8,18,0
6,9,1,0
6,9,2,0
6,9,3,0
6,9,4,0
6,9,5,0
6,9,6,0
6,9,7,0
6,9,8,0
6,9,9,0
6,9,10,0
6,9,11,0
6,9,12,0
6,9,13,0
6,9,14,0
6,9,15,0
6,9,16,0
6,9,17,0
6,9,18,0
6,10,1,0
6,10,2,0
6,10,3,0
6,10,4,-0.666666666666667
6,10,5,-1.33333333333333
6,10,6,-2
6,10,7,-1.33333333333333
6,10,8,-0.666666666666667
6,10,9,0
6,10,10,0
6,10,11,0
6,10,12,0
6,10,13,0
6,10,14,0
6,10,15,0
6,10,16,0
6,10,17,0
6,10,18,0
7,1,1,0
7,1,2,0
7,1,3,0
7,1,4,0
7,1,5,0
7,1,6,0
7,1,7,0
7,1,8,-0.666666666666667
7,1,9,-1.33333333333333
7,1,10,-0.666666666666667
7,1,11,0.666666666666667
7,1,12,2
7,1,13,2
7,1,14,1.33333333333333
7,1,15,0.666666666666667
7,1,16,0
7,1,17,-0.666666666666667
7,1,18,-1.33333333333333
7,2,1,0
7,2,2,0
7,2,3,0
7,2,4,0
7,2,5,0
7,2,6,0
7,2,7,0
7,2,8,0
7,2,9,-0.666666666666667
7,2,10,-1.33333333333333
7,2,11,-2
7,2,12,-2
7,2,13,-2
7,2,14,-0.666666666666667
7,2,15,0.666666666666667
7,2,16,2
7,2,17,2
7,2,18,2
7,3,1,0
7,3,2,0
7,3,3,0
7,3,4,0
7,3,5,0
7,3,6,0
7,3,7,0
7,3,8,0
7,3,9,0
7,3,10,0
7,3,11,0
7,3,12,0
7,3,13,0
7,3,14,0
7,3,15,0
7,3,16,0
7,3,17,0
7,3,18,0
7,4,1,0
7,4,2,0
7,4,3,0
7,4,4,0
7,4,5,-0.666666666666667
7,4,6,-0.666666666666667
7,4,7,-1.33333333333333
7,4,8,-0.666666666666667
7,4,9,-0.666666666666667
7,4,10,-0.666666666666667
7,4,11,-0.666666666666667
7,4,12,-0.666666666666667
7,4,13,-0.666666666666667
7,4,14,-1.33333333333333
7,4,15,-0.666666666666667
7,4,16,0
7,4,17,0
7,4,18,-0.666666666666667
7,5,1,0
7,5,2,0
7,5,3,0
7,5,4,0
7,5,5,0
7,5,6,0
7,5,7,0
7,5,8,0
7,5,9,0
7,5,10,0
7,5,11,0
7,5,12,0
7,5,13,0
7,5,14,0
7,5,15,0
7,5,16,0
7,5,17,0.666666666666667
7,5,18,0.666666666666667
7,6,1,0
7,6,2,0
7,6,3,0
7,6,4,0
7,6,5,0
7,6,6,0
7,6,7,0
7,6,8,0
7,6,9,0
7,6,10,0
7,6,11,0
7,6,12,0
7,6,13,0
7,6,14,0
7,6,15,0
7,6,16,0
7,6,17,0
7,6,18,0
7,7,1,0
7,7,2,0
7,7,3,0
7,7,4,0
7,7,5,0
7,7,6,0
7,7,7,0
7,7,8,0
7,7,9,0
7,7,10,0
7,7,11,0
7,7,12,0
7,7,13,0
7,7,14,0
7,7,15,0
7,7,16,0
7,7,17,0
7,7,18,0
7,8,1,0
7,8,2,0
7,8,3,0
7,8,4,0
7,8,5,0
7,8,6,0
7,8,7,0.666666666666667
7,8,8,1.33333333333333
7,8,9,3.33333333333333
7,8,10,4.66666666666667
7,8,11,6
7,8,12,6
7,8,13,3.33333333333333
7,8,14,1.33333333333333
7,8,15,-1.33333333333333
7,8,16,-1.33333333333333
7,8,17,-2
7,8,18,-0.666666666666667
7,9,1,0
7,9,2,0
7,9,3,0
7,9,4,0
7,9,5,0
7,9,6,0
7,9,7,-0.666666666666667
7,9,8,-0.666666666666667
7,9,9,-1.33333333333333
7,9,10,-1.33333333333333
7,9,11,-0.666666666666667
7,9,12,2
7,9,13,2.66666666666667
7,9,14,1.33333333333333
7,9,15,-0.666666666666667
7,9,16,-0.666666666666667
7,9,17,0
7,9,18,0
7,10,1,0
7,10,2,0
7,10,3,0
7,10,4,0
7,10,5,0
7,10,6,0
7,10,7,0
7,10,8,0
7,10,9,0
7,10,10,0
7,10,11,-0.666666666666667
7,10,12,-1.33333333333333
7,10,13,-0.666666666666667
7,10,14,0
7,10,15,0.666666666666667
7,10,16,0
7,10,17,0
7,10,18,0
8,1,1,0
8,1,2,0
8,1,3,0
8,1,4,0
8,1,5,0
8,1,6,0
8,1,7,0
8,1,8,0
8,1,9,0
8,1,10,0
8,1,11,0
8,1,12,0
8,1,13,0
8,1,14,0
8,1,15,0
8,1,16,0
8,1,17,-0.666666666666667
8,1,18,-1.33333333333333
8,2,1,0
8,2,2,0
8,2,3,0
8,2,4,0
8,2,5,0
8,2,6,0
8,2,7,0
8,2,8,0
8,2,9,0
8,2,10,0
8,2,11,0
8,2,12,0.666666666666667
8,2,13,-1.33333333333333
8,2,14,-2
8,2,15,-3.33333333333333
8,2,16,-2
8,2,17,-2
8,2,18,0.666666666666667
8,3,1,0
8,3,2,0
8,3,3,0
8,3,4,0
8,3,5,0
8,3,6,0
8,3,7,0
8,3,8,0
8,3,9,0
8,3,10,0
8,3,11,0
8,3,12,0
8,3,13,0
8,3,14,-0.666666666666667
8,3,15,-2.66666666666667
8,3,16,-2
8,3,17,0.666666666666667
8,3,18,4.66666666666667
8,4,1,0
8,4,2,0
8,4,3,0
8,4,4,0
8,4,5,0
8,4,6,0
8,4,7,0
8,4,8,-0.666666666666667
8,4,9,-0.666666666666667
8,4,10,-0.666666666666667
8,4,11,0
8,4,12,0
8,4,13,0
8,4,14,0
8,4,15,0
8,4,16,0
8,4,17,0
8,4,18,0
8,5,1,0
8,5,2,0
8,5,3,0
8,5,4,0
8,5,5,0
8,5,6,0
8,5,7,0
8,5,8,0
8,5,9,-0.666666666666667
8,5,10,-0.666666666666667
8,5,11,-0.666666666666667
8,5,12,0
8,5,13,0
8,5,14,0
8,5,15,0
8,5,16,0
8,5,17,0
8,5,18,0
8,6,1,0
8,6,2,0
8,6,3,0
8,6,4,0
8,6,5,0
8,6,6,0
8,6,7,0
8,6,8,0
8,6,9,0
8,6,10,0
8,6,11,0
8,6,12,0
8,6,13,0
8,6,14,0
8,6,15,0
8,6,16,0
8,6,17,0
8,6,18,0
8,7,1,0
8,7,2,-0.666666666666667
8,7,3,-0.666666666666667
8,7,4,-1.33333333333333
8,7,5,-1.33333333333333
8,7,6,-1.33333333333333
8,7,7,0
8,7,8,1.33333333333333
8,7,9,1.33333333333333
8,7,10,0.666666666666667
8,7,11,0
8,7,12,0
8,7,13,0
8,7,14,0
8,7,15,0
8,7,16,0
8,7,17,0
8,7,18,0
8,8,1,0
8,8,2,0
8,8,3,0
8,8,4,0
8,8,5,0
8,8,6,0
8,8,7,0
8,8,8,-0.666666666666667
8,8,9,-0.666666666666667
8,8,10,-0.666666666666667
8,8,11,0
8,8,12,0
8,8,13,-0.666666666666667
8,8,14,-0.666666666666667
8,8,15,-0.666666666666667
8,8,16,0
8,8,17,0
8,8,18,0
8,9,1,0
8,9,2,0
8,9,3,0
8,9,4,0
8,9,5,0
8,9,6,0
8,9,7,0
8,9,8,0
8,9,9,0
8,9,10,0
8,9,11,0
8,9,12,0
8,9,13,0
8,9,14,0
8,9,15,0
8,9,16,0
8,9,17,0
8,9,18,-0.666666666666667
8,10,1,0
8,10,2,0
8,10,3,0
8,10,4,0
8,10,5,0
8,10,6,0
8,10,7,0
8,10,8,0
8,10,9,-0.666666666666667
8,10,10,-1.33333333333333
8,10,11,-0.666666666666667
8,10,12,0
8,10,13,0
8,10,14,-1.33333333333333
8,10,15,-0.666666666666667
8,10,16,0
8,10,17,0.666666666666667
8,10,18,0
9,1,1,0
9,1,2,0
9,1,3,0
9,1,4,0
9,1,5,0
9,1,6,-0.666666666666667
9,1,7,0
9,1,8,0.666666666666667
9,1,9,1.33333333333333
9,1,10,0
9,1,11,-0.666666666666667
9,1,12,-0.666666666666667
9,1,13,-0.666666666666667
9,1,14,-1.33333333333333
9,1,15,-0.666666666666667
9,1,16,0.666666666666667
9,1,17,2
9,1,18,2
9,2,1,0
9,2,2,0
9,2,3,-0.666666666666667
9,2,4,-0.666666666666667
9,2,5,-0.666666666666667
9,2,6,-0.666666666666667
9,2,7,0
9,2,8,0
9,2,9,0.666666666666667
9,2,10,0
9,2,11,0
9,2,12,0
9,2,13,-0.666666666666667
9,2,14,-0.666666666666667
9,2,15,-0.666666666666667
9,2,16,0
9,2,17,-0.666666666666667
9,2,18,-0.666666666666667
9,3,1,0
9,3,2,0
9,3,3,0
9,3,4,0
9,3,5,0
9,3,6,0
9,3,7,0
9,3,8,0
9,3,9,0
9,3,10,0
9,3,11,0
9,3,12,0
9,3,13,0
9,3,14,0
9,3,15,-0.666666666666667
9,3,16,-1.33333333333333
9,3,17,-1.33333333333333
9,3,18,-0.666666666666667
9,4,1,0
9,4,2,0
9,4,3,0
9,4,4,0
9,4,5,0
9,4,6,0
9,4,7,0.666666666666667
9,4,8,0
9,4,9,-0.666666666666667
9,4,10,-1.33333333333333
9,4,11,-0.666666666666667
9,4,12,0
9,4,13,0
9,4,14,0
9,4,15,0
9,4,16,0
9,4,17,0
9,4,18,0
9,5,1,0
9,5,2,0
9,5,3,-0.666666666666667
9,5,4,-1.33333333333333
9,5,5,-2
9,5,6,-0.666666666666667
9,5,7,0
9,5,8,0.666666666666667
9,5,9,0
9,5,10,0
9,5,11,0
9,5,12,0
9,5,13,0
9,5,14,0
9,5,15,0
9,5,16,0
9,5,17,0
9,5,18,0
9,6,1,0
9,6,2,0
9,6,3,0
9,6,4,0
9,6,5,0
9,6,6,0
9,6,7,0
9,6,8,0
9,6,9,0
9,6,10,0
9,6,11,0
9,6,12,0
9,6,13,0
9,6,14,0
9,6,15,0
9,6,16,0
9,6,17,0
9,6,18,0
9,7,1,0
9,7,2,0
9,7,3,0
9,7,4,0
9,7,5,0
9,7,6,0
9,7,7,0
9,7,8,0
9,7,9,0
9,7,10,0
9,7,11,0
9,7,12,0
9,7,13,0
9,7,14,0
9,7,15,0
9,7,16,0
9,7,17,0
9,7,18,0
9,8,1,0
9,8,2,0
9,8,3,0
9,8,4,0
9,8,5,0
9,8,6,0
9,8,7,0
9,8,8,0
9,8,9,0
9,8,10,0
9,8,11,0
9,8,12,0
9,8,13,0
9,8,14,0
9,8,15,0
9,8,16,0
9,8,17,0
9,8,18,0
9,9,1,0
9,9,2,0
9,9,3,0
9,9,4,0
9,9,5,0
9,9,6,0
9,9,7,0
9,9,8,0
9,9,9,0
9,9,10,0
9,9,11,0
9,9,12,0
9,9,13,0
9,9,14,0
9,9,15,0
9,9,16,0
9,9,17,0
9,9,18,0
9,10,1,0
9,10,2,0
9,10,3,0
9,10,4,0
9,10,5,0
9,10,6,0
9,10,7,0
9,10,8,0
9,10,9,0.666666666666667
9,10,10,1.33333333333333
9,10,11,1.33333333333333
9,10,12,0.666666666666667
9,10,13,-0.666666666666667
9,10,14,-0.666666666666667
9,10,15,-1.33333333333333
9,10,16,-0.666666666666667
9,10,17,-0.666666666666667
9,10,18,0
10,1,1,0
10,1,2,0
10,1,3,0
10,1,4,0
10,1,5,0
10,1,6,0
10,1,7,0
10,1,8,0
10,1,9,0
10,1,10,0
10,1,11,-0.666666666666667
10,1,12,-1.33333333333333
10,1,13,-2
10,1,14,-0.666666666666667
10,1,15,0.666666666666667
10,1,16,1.33333333333333
10,1,17,1.33333333333333
10,1,18,0.666666666666667
10,2,1,0
10,2,2,0
10,2,3,0
10,2,4,0
10,2,5,0
10,2,6,0
10,2,7,0
10,2,8,0
10,2,9,0
10,2,10,0
10,2,11,0
10,2,12,0
10,2,13,0
10,2,14,0
10,2,15,0
10,2,16,0
10,2,17,0
10,2,18,0
10,3,1,0
10,3,2,-0.666666666666667
10,3,3,-0.666666666666667
10,3,4,-0.666666666666667
10,3,5,0
10,3,6,0
10,3,7,0
10,3,8,0
10,3,9,0.666666666666667
10,3,10,1.33333333333333
10,3,11,2
10,3,12,2
10,3,13,2
10,3,14,2
10,3,15,2
10,3,16,0.666666666666667
10,3,17,0
10,3,18,-0.666666666666667
10,4,1,-0.666666666666667
10,4,2,-1.33333333333333
10,4,3,-0.666666666666667
10,4,4,0
10,4,5,0.666666666666667
10,4,6,0
10,4,7,0
10,4,8,0
10,4,9,0
10,4,10,0
10,4,11,0
10,4,12,0
10,4,13,0
10,4,14,0
10,4,15,0
10,4,16,0
10,4,17,0
10,4,18,0
10,5,1,0
10,5,2,0
10,5,3,0
10,5,4,0
10,5,5,0
10,5,6,0
10,5,7,0
10,5,8,0
10,5,9,0
10,5,10,0
10,5,11,0
10,5,12,0
10,5,13,0
10,5,14,0
10,5,15,0
10,5,16,0
10,5,17,0
10,5,18,0
10,6,1,0
10,6,2,0
10,6,3,0
10,6,4,0
10,6,5,0
10,6,6,0
10,6,7,0
10,6,8,0
10,6,9,0
10,6,10,0
10,6,11,0
10,6,12,0
10,6,13,0
10,6,14,0
10,6,15,0
10,6,16,0
10,6,17,0
10,6,18,0
10,7,1,0
10,7,2,0
10,7,3,0
10,7,4,0
10,7,5,0
10,7,6,0
10,7,7,0
10,7,8,0
10,7,9,0
10,7,10,0
10,7,11,0
10,7,12,0
10,7,13,0
10,7,14,0
10,7,15,0
10,7,16,0
10,7,17,0
10,7,18,0
10,8,1,0
10,8,2,0
10,8,3,0
10,8,4,0
10,8,5,0
10,8,6,0
10,8,7,0
10,8,8,0
10,8,9,0
10,8,10,0
10,8,11,0
10,8,12,0
10,8,13,0
10,8,14,0
10,8,15,0
10,8,16,-0.666666666666667
10,8,17,-0.666666666666667
10,8,18,-0.666666666666667
10,9,1,0
10,9,2,0
10,9,3,0
10,9,4,0
10,9,5,0
10,9,6,-0.666666666666667
10,9,7,-1.33333333333333
10,9,8,-1.33333333333333
10,9,9,-0.666666666666667
10,9,10,0
10,9,11,0
10,9,12,-0.666666666666667
10,9,13,-1.33333333333333
10,9,14,-1.33333333333333
10,9,15,-0.666666666666667
10,9,16,0
10,9,17,0
10,9,18,0
10,10,1,0
10,10,2,-0.666666666666667
10,10,3,0
10,10,4,0
10,10,5,0.666666666666667
10,10,6,0
10,10,7,0
10,10,8,0
10,10,9,0
10,10,10,0
10,10,11,0
10,10,12,0
10,10,13,0
10,10,14,0
10,10,15,0
10,10,16,0
10,10,17,0
10,10,18,0
